SUCCESS:
147972771925547097950076
543234381048628592084133
818130499410550467304702
591345130936855661232433
475755437480977757265211
925647666942342626256297
839930415019205286715159
554117695315679627497804
109443708369870599348320
927263683255942072676171
723706769971387622538778
786676367521651919897860
103565976861984480689141
688728301408087277651058
631142257231760587090997
351072783424689524229978
989570578213686889998024
788167814710629762272192
384031385952950187466497
821953799708934222599877
598108854538263847265541
440496310836399504714281
391966587207192935352702
936288165645350211264427
091928942499723303021963
646024836086456261199997
806513195441437442708218
085659271667911324113451
407154693808513417987918
134948655900760329420833
987513564552384865626704
202406899708661671145943
444654538704569290896083
777750562924962378493411
955804696014852548660113
747152044787186538402572
628160294678563868267913
465173732362891966402263
449674971474005890541958
499776573529721210589520
420730489107022447903870
960427966296687183674853
087276406818104323606708
298487536953158750108187
272999376497372736543353
945822257787200014701034
688567582507192645633206
FAIL:
815869167481004291234622
309581737379930405551219
393290523068297442201179
