SUCCESS:
384031385952950187466497
554117695315679627497804
955804696014852548660113
134948655900760329420833
788167814710629762272192
927263683255942072676171
109443708369870599348320
839930415019205286715159
723706769971387622538778
202406899708661671145943
085659271667911324113451
103565976861984480689141
936288165645350211264427
440496310836399504714281
272999376497372736543353
591345130936855661232433
087276406818104323606708
598108854538263847265541
646024836086456261199997
821953799708934222599877
989570578213686889998024
407154693808513417987918
420730489107022447903870
444654538704569290896083
449674971474005890541958
987513564552384865626704
688728301408087277651058
960427966296687183674853
688567582507192645633206
465173732362891966402263
475755437480977757265211
298487536953158750108187
499776573529721210589520
628160294678563868267913
747152044787186538402572
777750562924962378493411
091928942499723303021963
543234381048628592084133
391966587207192935352702
806513195441437442708218
945822257787200014701034
631142257231760587090997
925647666942342626256297
351072783424689524229978
786676367521651919897860
147972771925547097950076
818130499410550467304702
FAIL:
393290523068297442201179
815869167481004291234622
309581737379930405551219
