SUCCESS:
546997769336467309318859
543769231632785841593526
084805354823921758199659
636374798668062990366429
141737042540031630456533
813752992877330738845996
669119773904330598095117
605776270706408450774179
951346461478454609704617
950571398144142941752526
109345662243035354043324
718174052677158135606743
144490711322506569169681
075006403923450720585205
322114776756127696107337
086746569657750127793854
981654603447863234636701
318373450316972703622214
835749302113937621195052
926062895236594561221250
241654190068226923683510
032973963185126091656920
362259114903861198322476
581895793927274930322728
037086384498030172158570
902690242572105490236113
844752214223607755669360
413449606122900660844064
509805604270753950050294
315650879129695079327156
635329424061434601247695
746240606734123678161850
446726247714862984019041
699844698450480032606801
354737693195444819555847
073416591267093745903583
663467611225611320865804
717080343312625787811821
344068815666366798420460
289165783908950561869373
147027874952044336765465
008739905268725253651261
765163075384976406320866
361153631039565457797164
536074563460610277115521
819661262558889423288208
668464338835228916116712
821145187944700660636036
728804512470980384749260
889875224775070058226152
385094481545366487773284
468365964614180357589780
778648934304159286373215
194358536551404770261281
830670049433507322339394
203426421732063955295080
433280037672376184866070
503368071717881624174848
669933599699683051357432
879705595983577876365879
628989800225774735760640
315079493482962124336613
017996854980827554204050
169706770743277879020228
386845190798039299039426
464838029910794721531364
669538693655119629964694
133534419603837067633432
988936456905004283588843
768956220321147955844092
332085917883810806781277
532858382100929633646193
300874652601126633221016
334336963357575608862719
214563869257860399958569
653139814054607668180587
639910360641670292013258
073708115656340377239251
854176313473181303563744
447399755027574535796898
490664782605306685104550
279143472802478144028751
384890680642336071119202
915596848900603660799634
478569265406744194861169
882263644942328927404358
058341239613067223636098
642284112960050876451922
354677658491405751717379
340313295831790885792725
683452867395861136005665
020574466523573905681865
747864965695930785271845
939733975719855424113841
911853939779199954561772
800366189333581386697221
798940918196994591842098
724352600798007553254061
340160430693110785384551
231506943063343119762725
904290613371016818087861
450571638707560282979088
807506169389850471046362
957449488840226334490990
339630352802514554810448
659321455366793798777429
999408792295225206559191
124546712310612749802715
943828646178949266523609
356070470177388190983055
315691646295497954304273
601717890593769441108379
716737418911353702774282
964263334384753060966942
117631883420472467744423
987459980431422889552273
519492901665394749566670
053542039956931360029551
517325222965274695805397
227517515966256516738401
025023656983124981444142
066354195383983073195344
217177897855489569677336
084668525745105538140001
555152431224255176229586
384973397275500861259976
623709265900831748737905
991853930427808782778624
025408867535585361776196
881504083561897996241711
367197830741267183878203
099044355773997691405258
813101715233525543572181
113235565228082292730914
676090220947782733781584
360605144612066030685860
269091057024744970685552
649670096674117337692146
106741699852749937504456
243465583960902771303915
746248339632715148075981
285508405739589562279250
731568562228778304090094
189804802736299207443839
744346908103830010736807
931057366766918755151795
112068524062365139888724
689898373909919031990238
238573757456309018963445
236587419482423445040607
537446135287650822976092
045103959641372301961819
453175121543602641033778
281332461772781982919748
966603772224991541479128
017681105740669840101361
632323201326863009941824
140186562590214617453493
693811690922710062061126
119104262047754503409411
940127888433695447234509
974898166655506347620406
492823535791501635069120
911733597450024615925843
466212500945350287848777
374898597047225138365432
663112960579758626500645
230884448206028752552026
358923812517264855800934
174035831343188726126112
076545319396979721601586
364087869856019533322383
090093650492553774861182
118662009300791348172004
765592233320879755130303
171897086894719527338170
440725351052352451407112
430555819146832898469137
525558401133614461844810
597998905754938262428225
525160115288693982617834
654375338133153555316615
902851543618704207741808
309592689340744607588889
708372850797649346342032
692479780947762931257629
947274623483039201286839
235473917997407260370110
911430413634517947881273
806875880322475371824920
053147487349463003661537
835456896004443139279710
168046829313832251383544
517242646204695588555109
008378724290839591420538
910755871984859412182415
708892194514816351500289
899522335938648982829576
615098451945718430778584
869092621145819499789204
084127010772709247097238
485640739550163342906390
745392726294940059563087
926354539474470753339633
089121624528952647177486
663244437353072482077185
913616511820747691814099
911084045518476085012525
510957985808217335073167
401958252928313241120980
134990683729021082045540
523142989551263742092027
217974381093013083821416
415980876444418710888961
230007948316384322238025
085211691717014574200772
524110015584479299671868
268627435261659147637984
674681668866877941395965
509205569436821231764677
668808547493072844414996
356815112918797255212755
948345372292472759833862
094813141702900491227815
284894940340873874075037
205307439487539339868625
644759330561719197187645
406731523571841780373560
372178630953763401183815
282254982436823724888739
399482622143549700221177
099426455378661789817795
872356790720702591353705
777712195820161419192075
823448287623132324817105
430954367879862972844234
376088523991961813974507
267620087175301163131633
920351027386170675060293
323307809420343721707280
811889893102641618913039
680144817893249647091517
950101817789525447945731
012805850118316370898254
603814971893764435099376
511333888122685554104700
097910710241223261927475
547716375996208383703884
726611096575087719642421
830739637807236848428423
898565895124429242356113
453928649315275130635227
496869196176204311526781
766995038334400658602325
955568708950739668982640
225377318681754681413281
800217139584245299593137
193113886207978120021618
207035041702533817465545
509854932128149547877328
592083535745770743032876
004352551021998477375428
809103993076369164252375
895424680673215037758544
276531019469756023307717
964147121844649923696100
753604124978842531326825
040098474203010691040045
768834700874591941494194
168162759230726422358669
332435418922025200729413
950057397744533932350265
335565240166504431118029
093081731422080655447247
597375188011617606480483
016139090540046450985835
749752631792596530660853
240268379273883942375218
994963794197822664845810
826764942834307380874838
817840669429139632566880
368013560968281442388655
115805183309048504027252
540501985818275286902401
944761059691523656884816
371548099848876209136380
819396795409799770994651
758255055476734019662847
898940427073072000789762
115908178418916410196386
792125391447606200877649
260266918719541143367153
422887171992448170115640
113652477127664977596582
694771978666131319627937
755083692701721443377871
544322532218162874145573
663077574054549353610703
631208175275601599909905
023509247130445440524637
131069049242177696147079
301508394806232306368700
646324700597401494338416
772881297093342277973574
530548995526741160449395
627439464653668355568321
410832330306884452820229
236085781855760200832900
925388864846975289180512
244041703541635533910261
701958494105565510447044
969158810634877266772652
097482365019716559211829
202304478963942686670369
271540328793208410521192
723098651598425923686388
947311365070904451141718
619717088802476313528892
087487104222250789277040
641393218599484262206133
578193224067312960480028
629919756023086068300344
578932749809197848838578
990559625479631453770557
455056647282603493494484
169012347289864903520533
405720883598912892990778
706342824441655424107267
490127135447869217080129
257213948732491841273873
451382006412473289108454
204297088294327581695427
241011891568683685562996
089353742010173307964769
928854992098005956708087
716700202517850145362854
407349822874267602298226
190140541511518153404961
535966004978802354101979
041313197791038940433021
873307182648115536979095
763217369913869546129076
553890510641883431990955
365493065111673049280843
763408314724602717627724
536388251559365005649784
543519583345358501771968
492723338543488266065668
108813945104370704009346
155442098567154961962731
115428826908804296590722
002158031606623920986081
714835963986268351484336
266186854457104222146641
487876525648985333518479
557761341594501365990821
087201590428418693069457
941138596444606887073590
329953063648650131281672
630133101460126626567612
827750620126127822625528
151355779703204758390302
989752208452411106600986
750598830624294790321815
895789440148372959866904
952965780517043418867161
536702901280417292054354
011880910276271667938566
803311660051842767883749
228367907152911252463798
191593384763623606237326
802286785851405177639346
175110901263239791800116
386750920864412171250230
690008528761479936286212
435344177720585047426189
253883897043367192095140
231540911361686022933164
248913377080293521530378
010140224613682427582701
642525414232900794064491
146692659961876335975945
518291208493203985051621
254432287211715680930870
475371046926164481574711
766873717380913397183914
968847436230848179116144
098542062866661421128123
315825194704474488584380
843240344214403715150538
896910692007849239514078
576537108894580890579470
825633171620433676140211
949867221971880071189156
494511327474559194256686
936895171880194519254773
434290782678222173517305
261495892351637844062600
443379129290572138219387
484309205625722933794366
920861159181209582320405
300622014588910857874573
838358753174778704244040
568018792533183620475218
706130342389911508071485
227361652197754687212230
288018273636911273950909
065713835048370531572977
701268049011537028373659
911711004886799973300523
126117459813025859716502
189745582092514616615901
934353973925210713047023
747095063920506283929826
503886033701759970893761
553617745218529033841373
506425819164238162322904
217256717227609928851207
122960480766237609526037
651010284301618959419990
362671866588180908122840
070971663202700725072508
371704772819588112413789
476403158851669260163711
755634203918593617533253
791455921860777108968800
748881175632676662531312
305564333534548688245445
331196932043005944280287
556733753948553624093048
690526024471650528215118
948487045985659163171034
325170600695110460011593
046006427924379594773498
995587040425151806722126
557822168554649136544450
429647028611249867712218
712474667006284187738850
333713034687892862331840
533333300673450573233514
579904587685701322831678
525327685436781643600090
293850374814090726657139
721264042327475405466765
498367057318044728444717
587754089922751191770616
254264675601028602218364
441683681176595697036284
519452379170835476836184
668531331686470975997350
363430767303236321221154
285764725496592443580012
066371110188248284236916
183900191890253251610352
415942954744350244743707
079335191526318379200165
196001693092979073802345
712130962238545581847809
477741097435701481632728
FAIL:
689093564942916705573602
680176393960464440317434
801705071409767973365610
542595723614237745920729
197071640058595840469042
825428840057003351387089
457368959187087994702035
622047047286668836899911
576595161336812309174457
063509562962670457136257
217819802122518881505670
565224118633025197261808
917343465281269400029021
493182432503056764614830
373523798906651088667977
899030468882552722402560
332151163775958067578605
924009211904331029887689
923441294639569033175893
314040957474555434167863
469632538320772147128842
000493917526072228914938
176979433468557936606615
179587777446947626563885
621705394834058773292932
705929421197481475943514
796649581399282573487978
955974923198667308069077
294085410501819566189666
513160729669735474954846
012565922047166471491236
953429028149721492560922
222874809353695720276127
838148474364065257285482
862634688602900589078758
430679603605297409120285
323554708181806847423911
821455428335196655926509
604590235181607942648384
971379544844735309472646
581598145686700643279284
